Time(s),X(m),Y(m),Z(m),Pitch(deg),Roll(deg),Yaw(deg)
0.00,9.19,-1.66,-5.08,-0.00,0.00,-2.00
0.11,9.19,-1.66,-5.08,-0.00,0.00,-2.00
0.22,9.19,-1.66,-5.08,-0.00,0.00,-2.00
0.33,9.19,-1.66,-5.08,-0.00,0.00,-2.00
0.43,9.19,-1.66,-5.08,-0.00,0.00,-2.00
0.55,9.19,-1.66,-5.08,-0.00,0.00,-2.00
0.65,9.19,-1.66,-5.08,-0.00,0.00,-2.00
0.76,9.19,-1.66,-5.08,-0.00,0.00,-2.00
0.87,9.19,-1.66,-5.08,-0.00,0.00,-2.00
0.98,9.19,-1.66,-5.08,-0.00,0.00,-2.00
1.09,9.19,-1.66,-5.08,-0.00,0.00,-2.00
1.20,9.19,-1.66,-5.08,-0.00,0.00,-2.00
1.31,9.19,-1.66,-5.08,-0.00,0.00,-2.00
1.42,9.19,-1.66,-5.08,-0.00,0.00,-2.00
1.53,9.19,-1.66,-5.08,-0.00,0.00,-2.00
1.64,9.19,-1.66,-5.08,-0.00,0.00,-2.00
1.74,9.19,-1.66,-5.08,-0.00,0.00,-2.00
1.85,9.19,-1.66,-5.08,-0.00,0.00,-2.00
1.96,9.19,-1.66,-5.08,-0.00,0.00,-2.00
2.07,9.19,-1.66,-5.08,-0.00,0.00,-2.00
2.18,9.19,-1.66,-5.08,-0.00,0.00,-2.00
2.28,9.19,-1.66,-5.08,-0.00,0.00,-2.00
2.39,9.19,-1.66,-5.08,-0.00,0.00,-2.00
2.50,9.19,-1.66,-5.08,-0.00,0.00,-2.00
2.61,9.19,-1.66,-5.08,-0.00,0.00,-2.00
2.72,9.19,-1.66,-5.08,-0.00,0.00,-2.00
2.83,9.19,-1.66,-5.08,-0.00,0.00,-2.00
2.94,9.19,-1.66,-5.08,-0.00,0.00,-2.00
3.05,9.19,-1.66,-5.08,-0.00,0.00,-2.00
3.15,9.19,-1.66,-5.08,-0.00,0.00,-2.00
3.26,9.19,-1.66,-5.08,-0.00,0.00,-2.00
3.37,9.19,-1.66,-5.08,-0.00,0.00,-2.00
3.48,9.19,-1.66,-5.08,-0.00,0.00,-2.00
3.59,9.19,-1.66,-5.08,-0.00,0.00,-2.00
3.70,9.19,-1.66,-5.08,-0.00,0.00,-2.00
3.81,9.19,-1.66,-5.08,-0.00,0.00,-2.00
3.92,9.19,-1.66,-5.08,-0.00,0.00,-2.00
4.02,9.19,-1.66,-5.08,-0.00,0.00,-2.00
4.13,9.19,-1.66,-5.08,-0.00,0.00,-2.00
4.24,9.19,-1.66,-5.08,-0.00,0.00,-2.00
4.35,9.19,-1.66,-5.08,-0.00,0.00,-2.00
4.46,9.19,-1.66,-5.08,-0.00,0.00,-2.00
4.57,9.19,-1.66,-5.08,-0.00,0.00,-2.00
4.68,9.19,-1.66,-5.08,-0.00,0.00,-2.00
4.78,9.19,-1.66,-5.08,-0.00,0.00,-2.00
4.89,9.19,-1.66,-5.08,-0.00,0.00,-2.00
5.00,9.19,-1.66,-5.08,-0.00,0.00,-2.00
5.11,9.19,-1.66,-5.08,-0.00,0.00,-2.00
5.22,9.19,-1.66,-5.08,-0.00,0.00,-2.00
5.33,9.19,-1.66,-5.08,-0.00,0.00,-2.00
5.44,9.51,-1.67,-5.08,-0.00,0.00,-2.00
5.54,10.48,-1.71,-5.08,-0.00,0.00,-2.00
5.65,11.47,-1.74,-5.08,-0.00,0.00,-2.00
5.76,12.78,-1.79,-5.08,-0.00,0.00,-2.00
5.87,13.76,-1.82,-5.08,-0.00,0.00,-2.00
5.98,14.74,-1.85,-5.08,-0.00,0.00,-2.00
6.09,16.03,-1.88,-5.08,-0.00,0.00,1.00
6.20,17.01,-1.85,-5.08,-0.00,0.00,2.00
6.31,18.00,-1.82,-5.08,-0.00,0.00,2.00
6.41,19.28,-1.78,-5.08,-0.00,0.00,2.00
6.52,20.24,-1.74,-5.08,-0.00,0.00,2.00
6.63,21.19,-1.71,-5.08,-0.00,0.00,2.00
6.74,22.48,-1.66,-5.08,-0.00,0.00,2.00
6.85,23.41,-1.63,-5.08,-0.00,0.00,2.00
6.96,24.68,-1.59,-5.08,-0.00,0.00,2.00
7.07,25.63,-1.55,-5.08,-0.00,0.00,2.00
7.17,26.94,-1.51,-5.08,-0.00,0.00,2.00
7.28,27.25,-1.50,-5.08,-0.00,0.00,2.00
7.39,27.25,-1.50,-5.08,-0.00,0.00,2.00
7.50,27.86,-1.48,-5.08,-0.00,0.00,2.00
7.61,29.11,-1.43,-5.08,-0.00,0.00,2.00
7.72,30.04,-1.40,-5.08,-0.00,0.00,2.00
7.83,31.30,-1.36,-5.08,-0.00,0.00,2.00
7.94,32.20,-1.32,-5.08,-0.00,0.00,2.00
8.05,33.46,-1.28,-5.08,-0.00,0.00,2.00
8.15,34.05,-1.26,-5.08,-0.00,0.00,2.00
8.26,34.62,-1.24,-5.08,-0.00,0.00,2.00
8.37,35.84,-1.20,-5.08,-0.00,0.00,2.00
8.48,36.77,-1.16,-5.08,-0.00,0.00,2.00
8.59,38.00,-1.12,-5.08,-0.00,0.00,2.00
8.70,38.89,-1.09,-5.07,-0.00,0.00,2.00
8.81,40.10,-1.05,-5.07,-0.00,0.00,2.00
8.91,40.68,-1.03,-5.07,-0.00,0.00,2.00
9.03,41.58,-1.01,-5.07,-0.00,0.00,-1.00
9.13,42.79,-1.06,-5.07,-0.00,0.00,-3.00
9.24,43.94,-1.12,-5.07,-0.00,0.00,-1.00
9.35,44.83,-1.12,-5.07,-0.00,0.00,2.00
9.46,46.02,-1.06,-5.07,-0.00,0.00,3.00
9.57,47.22,-1.00,-5.07,-0.00,0.00,1.00
9.68,48.10,-1.00,-5.07,-0.00,0.00,-2.00
9.79,49.29,-1.05,-5.07,-0.00,0.00,-1.00
9.90,50.43,-1.04,-5.07,-0.00,0.00,2.00
10.01,51.37,-1.03,-5.07,-0.00,0.00,0.00
10.11,52.51,-1.01,-5.07,-0.00,0.00,3.00
10.22,53.63,-0.95,-5.10,4.00,0.00,3.00
10.33,54.79,-0.89,-5.20,5.00,0.00,3.00
10.44,55.67,-0.85,-5.28,5.00,0.00,2.00
10.55,56.80,-0.83,-5.38,5.00,0.00,-2.00
10.66,57.87,-1.47,-5.47,5.00,0.00,-5.00
10.77,58.92,-2.72,-5.57,5.00,0.00,-5.00
10.88,59.50,-2.77,-5.63,2.00,0.00,-5.00
10.99,59.50,-2.77,-5.63,-2.00,0.00,-5.00
11.09,59.50,-2.77,-5.63,-5.00,0.00,-5.00
11.20,59.50,-2.77,-5.63,-5.00,0.00,-1.00
11.31,59.49,-2.21,-5.63,-5.00,0.00,3.00
11.42,59.43,-1.05,-5.63,-1.00,0.00,3.00
11.53,59.43,-1.05,-5.63,3.00,0.00,3.00
11.64,59.43,-1.05,-5.63,7.00,0.00,2.00
11.75,59.43,-1.05,-5.63,9.00,0.00,-1.00
11.86,59.43,-1.05,-5.63,9.00,0.00,3.00
11.97,59.43,-1.05,-5.63,9.00,0.00,3.00
12.08,59.43,-1.05,-5.63,9.00,0.00,-1.00
12.18,59.43,-1.05,-5.63,12.00,0.00,-1.00
12.29,60.49,-1.07,-5.85,12.00,0.00,0.00
12.40,61.60,-1.04,-6.06,8.00,0.00,2.00
12.51,62.73,-1.00,-6.19,4.00,0.00,3.00
12.62,63.58,-0.94,-6.23,1.00,0.00,6.00
12.73,64.46,-0.84,-6.23,-3.00,0.00,7.00
12.84,64.76,-0.79,-6.20,-5.00,0.00,11.00
12.95,65.65,-0.61,-6.13,-3.00,0.00,10.00
13.05,66.67,-0.45,-6.10,1.00,0.00,7.00
13.16,67.55,-0.33,-6.13,2.00,0.00,10.00
13.27,68.47,-0.15,-6.16,2.00,0.00,13.00
13.38,68.47,-0.15,-6.16,2.00,0.00,16.00
13.49,68.76,-1.05,-6.16,1.00,0.00,18.00
13.60,68.86,-1.36,-6.16,-2.00,0.00,15.00
13.71,68.86,-1.36,-6.16,-4.00,0.00,13.00
13.82,68.97,-1.98,-6.16,-4.00,0.00,9.00
13.92,69.40,-2.52,-6.13,-3.00,0.00,12.00
14.03,70.57,-2.25,-6.10,1.00,0.00,13.00
14.14,71.51,-2.02,-6.14,3.00,0.00,16.00
14.25,72.68,-1.65,-6.20,3.00,0.00,20.00
14.36,73.60,-1.30,-6.25,3.00,0.00,23.00
14.46,74.52,-0.89,-6.30,1.00,0.00,25.00
14.57,75.70,-0.33,-6.29,-3.00,0.00,26.00
14.68,76.58,0.11,-6.22,-5.00,0.00,29.00
14.79,77.52,-0.15,-6.16,-5.00,0.00,32.00
14.90,77.69,-0.42,-6.16,-3.00,0.00,33.00
15.00,78.23,-1.25,-6.16,-2.00,0.00,35.00
15.11,78.23,-1.25,-6.16,-2.00,0.00,33.00
15.23,78.23,-1.25,-6.16,-0.00,0.00,31.00
15.33,78.23,-1.25,-6.16,4.00,0.00,33.00
15.44,78.49,-1.07,-6.19,7.00,0.00,35.00
15.55,79.30,-0.50,-6.33,8.00,0.00,35.00
15.66,80.14,0.09,-6.47,8.00,0.00,35.00
15.77,81.20,0.83,-6.65,6.00,0.00,35.00
15.88,82.05,1.43,-6.74,3.00,0.00,35.00
15.99,82.87,2.00,-6.77,1.00,0.00,35.00
16.10,83.68,2.57,-6.79,1.00,0.00,35.00
16.20,84.76,3.32,-6.81,1.00,0.00,33.00
16.31,85.59,3.84,-6.83,1.00,0.00,30.00
16.42,85.88,4.00,-6.83,1.00,0.00,27.00
16.53,86.27,3.15,-6.83,1.00,0.00,23.00
16.64,86.64,2.25,-6.83,1.00,0.00,20.00
16.75,86.64,2.25,-6.83,1.00,0.00,17.00
16.85,87.57,1.20,-6.85,1.00,0.00,13.00
16.96,88.47,1.39,-6.86,1.00,0.00,10.00
17.07,89.41,0.64,-6.88,1.00,0.00,8.00
17.18,90.56,0.78,-6.90,1.00,0.00,5.00
17.29,91.71,0.88,-6.92,1.00,0.00,6.00
17.40,92.66,0.44,-6.93,1.00,0.00,9.00
17.51,93.93,-0.22,-6.94,-2.00,0.00,9.00
17.61,95.19,-0.63,-6.86,-6.00,0.00,9.00
17.73,96.15,-1.06,-6.77,-6.00,0.00,12.00
17.83,97.30,-0.80,-6.65,-6.00,0.00,11.00
17.94,98.46,-0.61,-6.52,-6.00,0.00,7.00
18.05,99.33,-0.52,-6.43,-6.00,0.00,4.00
18.16,100.47,-0.47,-6.31,-6.00,0.00,0.00
18.27,101.57,-0.50,-6.20,-6.00,0.00,-4.00
18.38,102.76,-0.61,-6.07,-6.00,0.00,-8.00
18.49,103.64,-0.75,-5.98,-6.00,0.00,-10.00
18.59,105.05,0.23,-5.85,-6.00,0.00,-12.00
18.70,106.39,0.83,-5.73,-6.00,0.00,-16.00
18.81,107.28,0.58,-5.63,-6.00,0.00,-14.00
18.92,108.57,0.91,-5.50,-6.00,0.00,-10.00
19.03,109.86,1.29,-5.38,-6.00,0.00,-14.00
19.14,110.74,1.05,-5.28,-6.00,0.00,-17.00
19.25,111.04,0.96,-5.25,-6.00,0.00,-21.00
19.36,111.04,0.96,-5.25,-6.00,0.00,-24.00
19.47,111.04,0.96,-5.25,-6.00,0.00,-28.00
19.57,111.04,0.96,-5.25,-6.00,0.00,-31.00
19.68,111.04,0.96,-5.25,-4.00,0.00,-31.00
19.79,111.04,0.96,-5.25,-0.00,0.00,-31.00
19.90,111.04,0.96,-5.25,4.00,0.00,-31.00
20.01,111.54,0.69,-5.30,5.00,0.00,-27.00
20.12,112.54,0.21,-5.39,5.00,0.00,-25.00
20.23,112.78,0.73,-5.39,2.00,0.00,-25.00
20.34,113.14,1.52,-5.39,-1.00,0.00,-23.00
20.44,113.37,2.07,-5.39,-1.00,0.00,-19.00
20.55,113.37,2.07,-5.39,-1.00,0.00,-15.00
20.66,113.37,2.07,-5.39,-1.00,0.00,-12.00
20.77,113.37,2.07,-5.39,-1.00,0.00,-14.00
20.87,113.45,2.34,-5.39,-1.00,0.00,-18.00
20.98,113.85,3.46,-5.39,-1.00,0.00,-22.00
21.09,114.20,4.30,-5.39,-1.00,0.00,-25.00
21.20,114.75,5.40,-5.39,-1.00,0.00,-29.00
21.31,115.20,6.18,-5.39,-1.00,0.00,-32.00
21.42,115.20,6.18,-5.39,-1.00,0.00,-36.00
21.53,115.20,6.18,-5.39,-1.00,0.00,-40.00
21.63,114.82,5.76,-5.39,-1.00,0.00,-43.00
21.74,113.98,4.90,-5.39,-1.00,0.00,-47.00
21.85,113.10,4.12,-5.39,-1.00,0.00,-51.00
21.96,112.40,3.57,-5.39,-1.00,0.00,-52.00
22.07,112.18,3.40,-5.39,-0.00,0.00,-52.00
22.18,111.27,2.69,-5.39,4.00,0.00,-52.00
22.29,111.02,2.50,-5.39,7.00,0.00,-50.00
22.40,111.67,3.05,-5.39,7.00,0.00,-47.00
22.50,112.50,3.87,-5.39,7.00,0.00,-43.00
22.61,113.06,4.51,-5.39,7.00,0.00,-39.00
22.72,113.79,5.46,-5.39,7.00,0.00,-35.00
22.83,114.27,6.17,-5.39,7.00,0.00,-32.00
22.94,114.73,6.94,-5.39,7.00,0.00,-29.00
23.05,114.58,6.71,-5.39,7.00,0.00,-33.00
23.16,114.09,5.98,-5.39,7.00,0.00,-36.00
23.26,113.38,5.05,-5.39,7.00,0.00,-40.00
23.37,112.60,4.17,-5.39,7.00,0.00,-44.00
23.48,111.79,3.37,-5.39,7.00,0.00,-48.00
23.59,111.12,2.78,-5.39,6.00,0.00,-51.00
23.70,110.24,2.07,-5.39,2.00,0.00,-51.00
23.81,109.33,1.34,-5.39,-2.00,0.00,-51.00
23.92,108.43,0.61,-5.39,-6.00,0.00,-51.00
24.03,107.73,0.04,-5.39,-9.00,0.00,-51.00
24.14,106.83,-0.68,-5.39,-12.00,0.00,-53.00
24.25,105.89,-1.35,-5.39,-11.00,0.00,-57.00
24.35,105.17,-1.83,-5.39,-10.00,0.00,-55.00
24.46,105.13,-1.84,-5.39,-10.00,0.00,-51.00
24.57,106.01,-1.09,-5.39,-10.00,0.00,-47.00
24.68,106.82,-0.28,-5.39,-10.00,0.00,-43.00
24.79,107.60,0.59,-5.39,-10.00,0.00,-39.00
24.90,108.15,1.30,-5.39,-10.00,0.00,-36.00
25.01,108.82,2.27,-5.39,-7.00,0.00,-32.00
25.11,109.43,3.28,-5.39,-3.00,0.00,-31.00
25.22,109.43,3.28,-5.39,-0.00,0.00,-31.00
25.33,109.71,3.75,-5.39,3.00,0.00,-31.00
25.44,110.31,4.74,-5.39,3.00,0.00,-32.00
25.55,110.79,5.48,-5.39,3.00,0.00,-35.00
25.66,111.48,6.42,-5.39,3.00,0.00,-39.00
25.77,112.26,7.33,-5.39,3.00,0.00,-43.00
25.88,113.11,7.75,-5.41,3.00,0.00,-46.00
25.99,113.93,6.88,-5.46,-0.00,0.00,-47.00
26.09,114.73,6.01,-5.43,-3.00,0.00,-49.00
26.20,115.31,5.32,-5.39,-1.00,0.00,-51.00
26.31,116.05,4.41,-5.39,3.00,0.00,-51.00
26.42,116.81,3.47,-5.49,7.00,0.00,-50.00
26.53,117.83,3.19,-5.61,9.00,0.00,-47.00
26.64,119.47,3.19,-5.79,9.00,0.00,-43.00
26.75,121.12,3.30,-5.95,5.00,0.00,-40.00
26.86,122.32,3.40,-6.01,2.00,0.00,-40.00
26.97,123.09,4.32,-6.01,-2.00,0.00,-40.00
27.07,123.87,5.25,-6.01,-6.00,0.00,-40.00
27.18,124.09,5.51,-6.01,-9.00,0.00,-40.00
27.29,123.50,4.80,-6.01,-13.00,0.00,-40.00
27.40,122.92,4.11,-6.01,-16.00,0.00,-40.00
27.51,122.14,3.19,-6.01,-19.00,0.00,-41.00
27.62,121.36,2.33,-6.01,-18.00,0.00,-45.00
27.73,120.70,1.69,-6.01,-15.00,0.00,-46.00
27.83,119.83,0.85,-6.01,-11.00,0.00,-46.00
27.94,119.19,0.22,-6.01,-8.00,0.00,-44.00
28.05,118.34,-0.71,-6.01,-7.00,0.00,-40.00
28.16,117.57,-1.67,-6.01,-7.00,0.00,-36.00
28.27,117.04,-2.43,-6.01,-7.00,0.00,-33.00
28.38,116.38,-3.47,-6.01,-11.00,0.00,-32.00
28.49,115.91,-4.25,-6.01,-11.00,0.00,-29.00
28.60,115.35,-5.34,-6.01,-11.00,0.00,-25.00
28.71,114.96,-6.19,-6.01,-11.00,0.00,-22.00
28.82,115.39,-5.05,-6.01,-11.00,0.00,-18.00
28.93,115.65,-4.18,-6.01,-11.00,0.00,-15.00
29.03,115.93,-3.02,-6.01,-11.00,0.00,-11.00
29.14,116.14,-1.80,-6.01,-7.00,0.00,-7.00
29.25,116.23,-0.91,-6.01,-4.00,0.00,-4.00
29.36,116.32,0.33,-6.01,-0.00,0.00,-4.00
29.46,116.38,1.18,-6.01,3.00,0.00,-4.00
29.57,116.48,2.35,-6.01,5.00,0.00,-7.00
29.68,116.65,3.51,-6.01,5.00,0.00,-10.00
29.79,116.80,4.37,-6.01,2.00,0.00,-11.00
29.90,117.06,5.55,-6.01,2.00,0.00,-15.00
30.01,117.23,6.18,-6.01,2.00,0.00,-19.00
30.11,117.73,5.99,-6.04,5.00,0.00,-22.00
30.22,118.82,5.53,-6.17,9.00,0.00,-24.00
30.34,119.86,5.04,-6.39,13.00,0.00,-27.00
30.44,120.61,4.66,-6.60,16.00,0.00,-27.00
30.55,121.57,4.17,-6.91,16.00,0.00,-27.00
30.66,122.51,3.69,-7.19,13.00,0.00,-27.00
30.77,123.51,3.18,-7.42,9.00,0.00,-27.00
30.88,124.51,2.67,-7.57,5.00,0.00,-27.00
30.99,125.55,2.14,-7.64,1.00,0.00,-27.00
31.10,126.36,1.72,-7.64,-2.00,0.00,-29.00
31.20,127.38,1.12,-7.57,-5.00,0.00,-33.00
31.31,128.16,0.60,-7.49,-5.00,0.00,-34.00
31.42,128.42,0.42,-7.46,-5.00,0.00,-35.00
31.53,127.73,-0.52,-7.46,-5.00,0.00,-39.00
31.64,127.12,-1.24,-7.46,-5.00,0.00,-42.00
31.75,126.31,-2.10,-7.46,-5.00,0.00,-46.00
31.85,125.64,-2.72,-7.46,-5.00,0.00,-49.00
31.96,124.75,-3.46,-7.46,-5.00,0.00,-53.00
32.07,123.76,-4.16,-7.46,-5.00,0.00,-57.00
32.18,123.22,-4.51,-7.46,-5.00,0.00,-57.00
32.29,122.98,-4.67,-7.46,-7.00,0.00,-57.00
32.40,122.47,-5.00,-7.46,-11.00,0.00,-57.00
32.51,122.47,-5.00,-7.46,-14.00,0.00,-55.00
32.62,123.44,-4.28,-7.46,-17.00,0.00,-51.00
32.73,124.36,-3.50,-7.46,-17.00,0.00,-47.00
32.83,125.00,-2.88,-7.46,-17.00,0.00,-44.00
32.94,125.82,-1.99,-7.46,-17.00,0.00,-40.00
33.05,126.38,-1.29,-7.46,-15.00,0.00,-37.00
33.16,127.09,-0.31,-7.46,-13.00,0.00,-34.00
33.27,127.24,-0.07,-7.46,-9.00,0.00,-34.00
33.37,127.24,-0.07,-7.46,-8.00,0.00,-34.00
33.48,127.24,-0.07,-7.46,-8.00,0.00,-34.00
33.59,127.24,-0.07,-7.46,-8.00,0.00,-34.00
33.70,127.24,-0.07,-7.46,-8.00,0.00,-30.00
33.81,127.24,-0.07,-7.46,-6.00,0.00,-28.00
33.92,127.24,-0.07,-7.46,-3.00,0.00,-27.00
34.03,128.26,-0.56,-7.43,1.00,0.00,-23.00
34.14,129.09,-0.89,-7.45,1.00,0.00,-19.00
34.24,129.09,-0.89,-7.45,1.00,0.00,-15.00
34.35,129.09,-0.89,-7.45,1.00,0.00,-12.00
34.46,129.09,-0.89,-7.45,1.00,0.00,-10.00
34.57,129.09,-0.89,-7.45,1.00,0.00,-9.00
34.68,129.09,-0.89,-7.45,1.00,0.00,-5.00
34.79,129.09,-0.89,-7.45,1.00,0.00,-1.00
34.90,129.09,-0.89,-7.45,1.00,0.00,3.00
35.01,129.09,-0.89,-7.45,1.00,0.00,7.00
35.12,129.09,-0.89,-7.45,1.00,0.00,11.00
35.23,129.09,-0.89,-7.45,1.00,0.00,15.00
35.34,129.09,-0.89,-7.45,1.00,0.00,19.00
35.45,129.09,-0.89,-7.45,1.00,0.00,23.00
35.56,129.09,-0.89,-7.45,1.00,0.00,24.00
35.67,129.09,-0.89,-7.45,1.00,0.00,24.00
35.77,129.09,-0.89,-7.45,1.00,0.00,24.00
35.89,129.09,-0.89,-7.45,1.00,0.00,24.00
35.99,129.09,-0.89,-7.45,1.00,0.00,24.00
36.10,129.09,-0.89,-7.45,1.00,0.00,24.00
36.21,129.09,-0.89,-7.45,1.00,0.00,24.00
36.32,129.09,-0.89,-7.45,1.00,0.00,24.00
36.43,129.09,-0.89,-7.45,1.00,0.00,24.00
36.54,129.09,-0.89,-7.45,1.00,0.00,24.00
36.65,129.09,-0.89,-7.45,1.00,0.00,24.00
36.76,129.09,-0.89,-7.45,1.00,0.00,24.00
36.86,129.09,-0.89,-7.45,1.00,0.00,24.00
36.97,129.09,-0.89,-7.45,1.00,0.00,24.00
37.08,129.09,-0.89,-7.45,1.00,0.00,24.00
37.19,129.09,-0.89,-7.45,1.00,0.00,24.00
37.30,129.09,-0.89,-7.45,1.00,0.00,24.00
37.40,129.09,-0.89,-7.45,1.00,0.00,24.00
37.51,129.09,-0.89,-7.45,1.00,0.00,24.00
37.62,129.09,-0.89,-7.45,1.00,0.00,24.00
37.73,129.09,-0.89,-7.45,1.00,0.00,24.00
37.84,129.09,-0.89,-7.45,1.00,0.00,24.00
37.95,129.09,-0.89,-7.45,1.00,0.00,24.00
38.05,129.09,-0.89,-7.45,1.00,0.00,24.00
38.16,129.09,-0.89,-7.45,1.00,0.00,24.00
38.28,129.09,-0.89,-7.45,1.00,0.00,24.00
38.38,129.09,-0.89,-7.45,1.00,0.00,24.00
38.49,129.09,-0.89,-7.45,1.00,0.00,24.00
38.60,129.09,-0.89,-7.45,1.00,0.00,24.00
38.71,129.09,-0.89,-7.45,1.00,0.00,24.00
38.82,129.09,-0.89,-7.45,1.00,0.00,24.00
38.93,129.09,-0.89,-7.45,1.00,0.00,24.00
39.03,129.09,-0.89,-7.45,1.00,0.00,24.00
39.14,129.09,-0.89,-7.45,1.00,0.00,24.00
39.25,129.09,-0.89,-7.45,1.00,0.00,24.00
39.36,129.09,-0.89,-7.45,1.00,0.00,24.00
39.47,129.09,-0.89,-7.45,1.00,0.00,24.00
39.58,129.09,-0.89,-7.45,1.00,0.00,24.00
39.68,129.09,-0.89,-7.45,1.00,0.00,24.00
39.79,129.09,-0.89,-7.45,1.00,0.00,24.00
39.90,129.09,-0.89,-7.45,1.00,0.00,24.00
40.01,129.09,-0.89,-7.45,1.00,0.00,24.00
40.12,129.09,-0.89,-7.45,1.00,0.00,24.00
40.23,129.09,-0.89,-7.45,1.00,0.00,24.00
40.34,129.09,-0.89,-7.45,1.00,0.00,24.00
40.45,129.09,-0.89,-7.45,1.00,0.00,24.00
