Time(s),X(m),Y(m),Z(m),Pitch(deg),Roll(deg),Yaw(deg)
0.00,14.99,-1.08,-5.05,-0.00,0.00,2.00
0.10,14.99,-1.08,-5.05,-0.00,0.00,2.00
0.21,14.99,-1.08,-5.05,-0.00,0.00,2.00
0.32,14.99,-1.08,-5.05,-0.00,0.00,2.00
0.43,14.99,-1.08,-5.05,-0.00,0.00,2.00
0.54,14.99,-1.08,-5.05,-0.00,0.00,2.00
0.64,14.99,-1.08,-5.05,-0.00,0.00,2.00
0.75,14.99,-1.08,-5.05,-0.00,0.00,2.00
0.86,14.99,-1.08,-5.05,-0.00,0.00,2.00
0.97,14.99,-1.08,-5.05,-0.00,0.00,2.00
1.08,14.99,-1.08,-5.05,-0.00,0.00,2.00
1.19,14.99,-1.08,-5.05,-0.00,0.00,2.00
1.30,14.99,-1.08,-5.05,-0.00,0.00,2.00
1.40,14.99,-1.08,-5.05,-0.00,0.00,2.00
1.51,14.99,-1.08,-5.05,-0.00,0.00,2.00
1.62,14.99,-1.08,-5.05,-0.00,0.00,2.00
1.73,14.99,-1.08,-5.05,-0.00,0.00,2.00
1.84,15.97,-1.04,-5.05,-0.00,0.00,2.00
1.95,16.92,-1.01,-5.05,-0.00,0.00,2.00
2.05,18.04,-0.97,-5.05,-0.00,0.00,2.00
2.16,19.22,-0.93,-5.05,-0.00,0.00,2.00
2.27,20.17,-0.90,-5.05,-0.00,0.00,2.00
2.38,21.46,-0.85,-5.05,-0.00,0.00,2.00
2.49,22.39,-0.82,-5.05,-0.00,0.00,2.00
2.60,23.66,-0.78,-5.05,-0.00,0.00,2.00
2.70,24.60,-0.74,-5.05,-0.00,0.00,2.00
2.81,25.56,-0.71,-5.05,-0.00,0.00,2.00
2.92,26.81,-0.67,-5.05,-0.00,0.00,2.00
3.03,27.74,-0.63,-5.05,-0.00,0.00,2.00
3.14,28.99,-0.59,-5.05,-0.00,0.00,2.00
3.24,29.95,-0.56,-5.05,-0.00,0.00,2.00
3.35,31.18,-0.51,-5.05,-0.00,0.00,2.00
3.46,32.12,-0.48,-5.05,-0.00,0.00,2.00
3.57,33.36,-0.44,-5.05,-0.00,0.00,2.00
3.67,34.28,-0.41,-5.05,-0.00,0.00,2.00
3.78,35.51,-0.36,-5.05,-0.00,0.00,2.00
3.89,36.42,-0.33,-5.05,-0.00,0.00,2.00
4.00,37.67,-0.29,-5.05,-0.00,0.00,2.00
4.11,38.56,-0.26,-5.05,-0.00,0.00,2.00
4.22,39.80,-0.21,-5.05,-0.00,0.00,2.00
4.33,40.70,-0.18,-5.05,-0.00,0.00,2.00
4.44,41.89,-0.14,-5.05,-0.00,0.00,2.00
4.55,43.11,-0.10,-5.05,-0.00,0.00,2.00
4.65,44.00,-0.07,-5.05,-0.00,0.00,2.00
4.76,45.20,-0.02,-5.05,-0.00,0.00,2.00
4.87,46.40,0.02,-5.05,-0.00,0.00,2.00
4.98,47.30,0.05,-5.05,-0.00,0.00,2.00
5.09,48.53,0.09,-5.05,-0.00,0.00,2.00
5.20,49.39,0.12,-5.05,-0.00,0.00,2.00
5.30,50.58,0.16,-5.05,-0.00,0.00,2.00
5.41,51.75,0.21,-5.05,-0.00,0.00,2.00
5.52,52.92,0.22,-5.05,-0.00,0.00,-1.00
5.63,53.79,0.20,-5.05,-0.00,0.00,-1.00
5.74,54.94,0.18,-5.05,-0.00,0.00,-1.00
5.85,56.07,0.16,-5.05,-0.00,0.00,-1.00
5.96,57.26,0.14,-5.05,-0.00,0.00,-1.00
6.07,58.16,0.13,-5.05,-0.00,0.00,-1.00
6.17,59.24,0.11,-5.05,-0.00,0.00,-1.00
6.28,60.41,0.09,-5.05,-0.00,0.00,-1.00
6.39,61.55,0.07,-5.05,-0.00,0.00,-1.00
6.50,62.42,0.05,-5.05,-0.00,0.00,-1.00
6.61,63.60,0.03,-5.05,-0.00,0.00,-1.00
6.72,64.75,0.02,-5.05,-0.00,0.00,1.00
6.82,65.63,0.03,-5.05,-0.00,0.00,1.00
6.93,66.79,0.05,-5.05,-0.00,0.00,1.00
7.04,68.00,0.07,-5.05,-0.00,0.00,1.00
7.15,69.17,0.09,-5.05,-0.00,0.00,1.00
7.26,70.06,0.11,-5.05,-0.00,0.00,1.00
7.37,71.26,0.13,-5.05,-0.00,0.00,1.00
7.47,72.41,0.15,-5.05,-0.00,0.00,1.00
7.58,73.30,0.17,-5.05,-0.00,0.00,1.00
7.69,74.47,0.19,-5.05,-0.00,0.00,1.00
7.80,75.66,0.21,-5.05,-0.00,0.00,1.00
7.91,76.57,0.22,-5.05,-0.00,0.00,-1.00
8.02,77.73,0.18,-5.05,-0.00,0.00,-2.00
8.13,78.86,0.14,-5.05,-0.00,0.00,-2.00
8.24,80.02,0.10,-5.05,-0.00,0.00,-2.00
8.35,80.86,0.07,-5.05,-0.00,0.00,-2.00
8.46,82.00,0.03,-5.05,-0.00,0.00,-2.00
8.56,83.16,-0.01,-5.05,-0.00,0.00,-2.00
8.67,84.27,-0.05,-5.05,-0.00,0.00,-2.00
8.78,85.39,-0.09,-5.05,-0.00,0.00,-2.00
8.89,86.52,-0.13,-5.05,-0.00,0.00,-2.00
9.00,87.64,-0.16,-5.05,-0.00,0.00,-2.00
9.11,88.74,-0.20,-5.05,-0.00,0.00,-2.00
9.22,89.83,-0.24,-5.05,-0.00,0.00,0.00
9.33,90.93,-0.22,-5.05,-0.00,0.00,1.00
9.44,91.77,-0.21,-5.05,-0.00,0.00,1.00
9.54,92.92,-0.19,-5.05,-0.00,0.00,1.00
9.65,94.02,-0.17,-5.05,-0.00,0.00,1.00
9.76,95.12,-0.15,-5.05,-0.00,0.00,1.00
9.87,96.23,-0.13,-5.05,-0.00,0.00,0.00
9.98,97.30,-0.15,-5.05,-0.00,0.00,-2.00
10.09,98.43,-0.19,-5.05,-0.00,0.00,-2.00
10.20,99.49,-0.23,-5.05,-0.00,0.00,-2.00
10.31,100.58,-0.27,-5.05,-0.00,0.00,-2.00
10.41,101.69,-0.31,-5.05,-0.00,0.00,-2.00
10.52,102.80,-0.34,-5.05,-0.00,0.00,-2.00
10.63,103.93,-0.38,-5.05,-0.00,0.00,-2.00
10.74,105.06,-0.42,-5.05,-0.00,0.00,-2.00
10.85,105.89,-0.45,-5.05,-0.00,0.00,0.00
10.96,107.02,-0.43,-5.05,-0.00,0.00,1.00
11.07,108.16,-0.41,-5.05,-0.00,0.00,1.00
11.17,109.31,-0.39,-5.05,-0.00,0.00,1.00
11.28,110.47,-0.37,-5.05,-0.00,0.00,1.00
11.39,111.62,-0.35,-5.05,-0.00,0.00,1.00
11.50,112.47,-0.34,-5.05,-0.00,0.00,1.00
11.61,113.59,-0.32,-5.05,-0.00,0.00,1.00
11.72,114.74,-0.30,-5.05,-0.00,0.00,1.00
11.83,115.86,-0.28,-5.05,-0.00,0.00,1.00
11.94,116.99,-0.26,-5.05,-0.00,0.00,1.00
12.05,118.08,-0.24,-5.05,-0.00,0.00,1.00
12.16,119.19,-0.22,-5.05,-0.00,0.00,1.00
12.27,120.32,-0.20,-5.05,-0.00,0.00,1.00
12.37,121.41,-0.18,-5.05,-0.00,0.00,1.00
12.48,122.25,-0.17,-5.05,-0.00,0.00,1.00
12.59,123.36,-0.15,-5.05,-0.00,0.00,1.00
12.70,124.47,-0.13,-5.05,-0.00,0.00,1.00
12.81,125.57,-0.11,-5.05,-0.00,0.00,1.00
12.92,126.70,-0.09,-5.05,-0.00,0.00,1.00
13.03,127.80,-0.07,-5.05,-0.00,0.00,1.00
13.13,128.89,-0.05,-5.05,-0.00,0.00,1.00
13.24,130.05,-0.03,-5.05,-0.00,0.00,1.00
13.35,130.05,-0.03,-5.05,-0.00,0.00,1.00
13.46,130.05,-0.03,-5.05,-0.00,0.00,1.00
13.57,130.05,-0.03,-5.05,-0.00,0.00,1.00
13.68,130.05,-0.03,-5.05,-0.00,0.00,1.00
13.78,130.05,-0.03,-5.05,-0.00,0.00,1.00
13.89,130.05,-0.03,-5.05,-0.00,0.00,1.00
14.00,130.05,-0.03,-5.05,-0.00,0.00,1.00
14.11,130.05,-0.03,-5.05,-0.00,0.00,1.00
14.22,130.05,-0.03,-5.05,-0.00,0.00,1.00
14.33,130.05,-0.03,-5.05,-0.00,0.00,1.00
14.43,130.05,-0.03,-5.05,-0.00,0.00,1.00
14.54,130.05,-0.03,-5.05,-0.00,0.00,1.00
14.65,130.05,-0.03,-5.05,-0.00,0.00,1.00
14.76,130.05,-0.03,-5.05,-0.00,0.00,1.00
14.87,130.05,-0.03,-5.05,-0.00,0.00,1.00
14.98,130.05,-0.03,-5.05,-0.00,0.00,1.00
15.08,130.05,-0.03,-5.05,-0.00,0.00,1.00
15.19,130.05,-0.03,-5.05,-0.00,0.00,1.00
15.30,130.05,-0.03,-5.05,-0.00,0.00,1.00
15.41,130.05,-0.03,-5.05,-0.00,0.00,1.00
15.52,130.05,-0.03,-5.05,-0.00,0.00,1.00
15.63,130.05,-0.03,-5.05,-0.00,0.00,1.00
15.74,130.05,-0.03,-5.05,-0.00,0.00,1.00
15.84,130.05,-0.03,-5.05,-0.00,0.00,1.00
15.95,130.05,-0.03,-5.05,-0.00,0.00,1.00
16.06,130.05,-0.03,-5.05,-0.00,0.00,1.00
16.17,130.05,-0.03,-5.05,-0.00,0.00,1.00
16.28,130.05,-0.03,-5.05,-0.00,0.00,1.00
16.39,130.05,-0.03,-5.05,-0.00,0.00,1.00
16.50,130.05,-0.03,-5.05,-0.00,0.00,1.00
16.60,130.05,-0.03,-5.05,-0.00,0.00,1.00
16.71,130.05,-0.03,-5.05,-0.00,0.00,1.00
16.82,130.05,-0.03,-5.05,-0.00,0.00,1.00
16.93,130.05,-0.03,-5.05,-0.00,0.00,1.00
17.04,130.05,-0.03,-5.05,-0.00,0.00,1.00
17.14,130.05,-0.03,-5.05,-0.00,0.00,1.00
17.25,130.05,-0.03,-5.05,-0.00,0.00,1.00
17.36,130.05,-0.03,-5.05,-0.00,0.00,1.00
17.47,130.05,-0.03,-5.05,-0.00,0.00,1.00
17.58,130.05,-0.03,-5.05,-0.00,0.00,1.00
17.69,130.05,-0.03,-5.05,-0.00,0.00,1.00
17.80,130.05,-0.03,-5.05,-0.00,0.00,1.00
17.90,130.05,-0.03,-5.05,-0.00,0.00,1.00
18.01,130.05,-0.03,-5.05,-0.00,0.00,1.00
18.12,130.05,-0.03,-5.05,-0.00,0.00,1.00
18.23,130.05,-0.03,-5.05,-0.00,0.00,1.00
18.34,130.05,-0.03,-5.05,-0.00,0.00,1.00
18.45,130.05,-0.03,-5.05,-0.00,0.00,1.00
18.56,130.05,-0.03,-5.05,-0.00,0.00,1.00
18.66,130.05,-0.03,-5.05,-0.00,0.00,1.00
18.77,130.05,-0.03,-5.05,-0.00,0.00,1.00
18.88,130.05,-0.03,-5.05,-0.00,0.00,1.00
